{"clients":[{"frames":[{"hands":[{"confid":0.71269099999999996,"fingers":[{"position":[78.181999206542969,240.38200378417969,-0.49577200412750244],"type":0},{"position":[79.646797180175781,241.82600402832031,9.0024499893188477],"type":1},{"position":[97.412300109863281,285.0159912109375,-53.187400817871094],"type":2},{"position":[121.60800170898438,289.0989990234375,-49.265998840332031],"type":3},{"position":[157.66600036621094,295.78201293945312,-24.149200439453125],"type":4}],"orientation":[[-0.97042268514633179,0.21374300122261047,0.11222100257873535],[0.14380216598510742,0.88518399000167847,-0.44245898723602295],[0.19390875101089478,0.41323399543762207,0.889739990234375]],"position":[108.03600311279297,276.01400756835938,34.164199829101562],"type":"right"}],"id":213590,"timestamp":1448583347677632}],"id":0},{"frames":[{"hands":[{"confid":0.46355600000000002,"fingers":[{"position":[-227.1199951171875,245.02400207519531,2.1347799301147461],"type":0},{"position":[-211.62199401855469,244.47200012207031,-0.15864500403404236],"type":1},{"position":[-202.17300415039062,290.52499389648438,-53.390098571777344],"type":2},{"position":[-174.24099731445312,300.16799926757812,-48.857101440429688],"type":3},{"position":[-139.34599304199219,308.50900268554688,-25.461200714111328],"type":4}],"orientation":[[-0.99092423915863037,-0.017708800733089447,0.13324999809265137],[-0.071358241140842438,0.90937697887420654,-0.4098060131072998],[0.11391730606555939,0.41559499502182007,0.90238797664642334]],"position":[-189.13299560546875,286.83599853515625,38.195999145507812],"type":"right"}],"id":987175,"timestamp":1448583347669017}],"id":1},{"frames":[{"hands":[{"confid":0.87473100000000004,"fingers":[{"position":[-71.240196228027344,214.93899536132812,-17.285699844360352],"type":0},{"position":[-61.235599517822266,210.80000305175781,-9.2364501953125],"type":1},{"position":[-55.280498504638672,257.41500854492188,-71.641998291015625],"type":2},{"position":[-32.444099426269531,267.57101440429688,-65.494598388671875],"type":3},{"position":[-0.4744429886341095,268.81500244140625,-44.540000915527344],"type":4}],"orientation":[[-0.99595767259597778,-0.016185000538825989,0.088355496525764465],[-0.045083820819854736,0.94083601236343384,-0.33584898710250854],[0.077692322432994843,0.33847498893737793,0.93776297569274902]],"position":[-43.097999572753906,250.59800720214844,15.986000061035156],"type":"right"}],"id":295104,"timestamp":1448583347679194}],"id":2}]}