{"clients":[{"frames":[{"hands":[{"confid":0.866116,"fingers":[{"position":[108.63500213623047,229.76899719238281,7.8853001594543457],"type":0},{"position":[102.83799743652344,239.54400634765625,-24.895000457763672],"type":1},{"position":[137.35200500488281,262.31600952148438,-64.149101257324219],"type":2},{"position":[173.36000061035156,258.94699096679688,-52.291900634765625],"type":3},{"position":[194.27999877929688,247.45799255371094,-23.197299957275391],"type":4}],"orientation":[[-0.97697043418884277,0.21337500214576721,0.0012431700015440583],[0.2133021354675293,0.97675901651382446,-0.021096700802445412],[0.0057157860137522221,0.020345700904726982,0.99977701902389526]],"position":[133.38699340820312,276.19500732421875,28.707000732421875],"type":"right"}],"id":69721,"timestamp":1448838162723804}],"id":0},{"frames":[{"hands":[{"confid":0.67920199999999997,"fingers":[{"position":[-185.08799743652344,232.94700622558594,-7.7284002304077148],"type":0},{"position":[-191.38999938964844,238.63499450683594,-42.734199523925781],"type":1},{"position":[-162.47999572753906,264.364990234375,-77.018501281738281],"type":2},{"position":[-121.68599700927734,260.75299072265625,-65.134597778320312],"type":3},{"position":[-101.89099884033203,248.23300170898438,-33.093898773193359],"type":4}],"orientation":[[-0.97604066133499146,0.19967299699783325,-0.086452901363372803],[0.20932352542877197,0.97012901306152344,-0.12260899692773819],[-0.059388764202594757,0.13776800036430359,0.98868197202682495]],"position":[-161.95100402832031,287.37899780273438,21.375099182128906],"type":"right"}],"id":47738,"timestamp":1448838162720281}],"id":1},{"frames":[{"hands":[{"confid":0.68471599999999999,"fingers":[{"position":[-42.133899688720703,211.572998046875,-17.902200698852539],"type":0},{"position":[-49.387599945068359,222.58399963378906,-46.816699981689453],"type":1},{"position":[-22.878700256347656,244.76400756835938,-78.8114013671875],"type":2},{"position":[12.573699951171875,240.40400695800781,-69.888099670410156],"type":3},{"position":[33.099300384521484,229.14900207519531,-44.930599212646484],"type":4}],"orientation":[[-0.98504185676574707,0.1708499938249588,0.02243800088763237],[0.16854675114154816,0.98237502574920654,-0.08081500232219696],[0.035849772393703461,0.075824297964572906,0.99647700786590576]],"position":[-19.098899841308594,252.13800048828125,2.1943700313568115],"type":"right"}],"id":48155,"timestamp":1448838162717483}],"id":2}]}