{"clients":[{"frames":[{"hands":[{"confid":0.86560899999999996,"fingers":[{"position":[83.138999938964844,223.2449951171875,0.19787600636482239],"type":0},{"position":[76.538299560546875,228.45500183105469,-19.56719970703125],"type":1},{"position":[108.21600341796875,252.71200561523438,-57.011199951171875],"type":2},{"position":[145.43400573730469,247.82200622558594,-47.078899383544922],"type":3},{"position":[167.15499877929688,234.04600524902344,-19.457199096679688],"type":4}],"orientation":[[-0.98287183046340942,0.1841990053653717,-0.0058503099717199802],[0.18285021185874939,0.97072798013687134,-0.15573400259017944],[0.023006988689303398,0.15413600206375122,0.98778200149536133]],"position":[110.58599853515625,261.67800903320312,33.953601837158203],"type":"right"}],"id":79626,"timestamp":1448838325628625}],"id":0},{"frames":[{"hands":[{"confid":0.66641300000000003,"fingers":[{"position":[-204.97000122070312,222.48500061035156,3.0728600025177002],"type":0},{"position":[-217.25399780273438,221.05099487304688,-28.724199295043945],"type":1},{"position":[-194.3070068359375,252.11000061035156,-71.295799255371094],"type":2},{"position":[-151.56599426269531,246.4219970703125,-59.422298431396484],"type":3},{"position":[-129.22999572753906,235.59800720214844,-27.497900009155273],"type":4}],"orientation":[[-0.9825626015663147,0.15954199433326721,-0.095485903322696686],[0.17343708872795105,0.97152602672576904,-0.16142299771308899],[-0.067013293504714966,0.17516900599002838,0.98225498199462891]],"position":[-187.75700378417969,276.59298706054688,28.228700637817383],"type":"right"}],"id":57184,"timestamp":1448838325621819}],"id":1},{"frames":[{"hands":[{"confid":0.89937500000000004,"fingers":[{"position":[-61.861301422119141,199.67399597167969,-11.243200302124023],"type":0},{"position":[-73.973899841308594,212.0469970703125,-35.929599761962891],"type":1},{"position":[-48.061798095703125,235.41200256347656,-74.041496276855469],"type":2},{"position":[-11.709600448608398,230.60200500488281,-66.204597473144531],"type":3},{"position":[10.302499771118164,216.96200561523438,-40.636199951171875],"type":4}],"orientation":[[-0.97885191440582275,0.20053699612617493,0.040431000292301178],[0.19197964668273926,0.96874898672103882,-0.15706700086593628],[0.070665232837200165,0.14598299562931061,0.98676002025604248]],"position":[-41.048698425292969,243.42799377441406,12.905599594116211],"type":"right"}],"id":57254,"timestamp":1448838325626270}],"id":2}]}