{"clients":[{"frames":[{"hands":[{"confid":0.77692399999999995,"fingers":[{"position":[93.8511962890625,172.55299377441406,45.886699676513672],"type":0},{"position":[105.13099670410156,184.84599304199219,-1.5528899431228638],"type":1},{"position":[141.08299255371094,182.02499389648438,-19.978900909423828],"type":2},{"position":[169.53999328613281,175.10800170898438,-10.276300430297852],"type":3},{"position":[182.11099243164062,162.59199523925781,17.313699722290039],"type":4}],"orientation":[[-0.90347850322723389,0.41854199767112732,0.092459000647068024],[0.42856776714324951,0.88582700490951538,0.17787699401378632],[0.0074536874890327454,-0.20033299922943115,0.97969901561737061]],"position":[139.43899536132812,208.69900512695312,65.149398803710938],"type":"right"}],"id":844290,"timestamp":1448910309900739}],"id":0},{"frames":[{"hands":[{"confid":0.55429200000000001,"fingers":[{"position":[-195.38800048828125,171.5570068359375,34.557399749755859],"type":0},{"position":[-192.5570068359375,187.43800354003906,-19.027500152587891],"type":1},{"position":[-155.79200744628906,178.28900146484375,-30.184000015258789],"type":2},{"position":[-123.62300109863281,175.68499755859375,-19.141300201416016],"type":3},{"position":[-107.90000152587891,171.96800231933594,6.7860798835754395],"type":4}],"orientation":[[-0.90542006492614746,0.42418599128723145,-0.016794199123978615],[0.41513323783874512,0.89298200607299805,0.17392000555992126],[-0.088771343231201172,-0.15049900114536285,0.98461699485778809]],"position":[-160.48199462890625,214.28999328613281,59.020900726318359],"type":"right"}],"id":814071,"timestamp":1448910309897074}],"id":1},{"frames":[{"hands":[{"confid":0.57417099999999999,"fingers":[{"position":[-45.778301239013672,159.12100219726562,26.130800247192383],"type":0},{"position":[-46.591098785400391,173.01199340820312,-17.920900344848633],"type":1},{"position":[-14.699199676513672,173.43299865722656,-38.307998657226562],"type":2},{"position":[13.963399887084961,166.32699584960938,-30.225700378417969],"type":3},{"position":[29.988800048828125,155.60600280761719,-4.8601799011230469],"type":4}],"orientation":[[-0.90209674835205078,0.42153000831604004,0.092377699911594391],[0.43060556054115295,0.89332097768783569,0.12867200374603271],[0.028283827006816864,-0.15585300326347351,0.98737502098083496]],"position":[-13.398799896240234,195.34500122070312,42.891899108886719],"type":"right"}],"id":7913222,"timestamp":1448910309900525}],"id":2}]}