{"clients":[{"frames":[{"hands":[{"confid":0.87250000000000005,"fingers":[{"position":[79.945098876953125,226.32899475097656,26.244499206542969],"type":0},{"position":[91.042503356933594,250.55000305175781,-24.290700912475586],"type":1},{"position":[125.09799957275391,252.52499389648438,-34.092601776123047],"type":2},{"position":[152.55799865722656,249.20899963378906,-21.539600372314453],"type":3},{"position":[162.74099731445312,236.85699462890625,5.011469841003418],"type":4}],"orientation":[[-0.97216427326202393,0.23161600530147552,-0.035376798361539841],[0.22639638185501099,0.96748298406600952,0.11279100179672241],[-0.060350652784109116,-0.10164199769496918,0.99298900365829468]],"position":[107.66999816894531,266.8070068359375,53.185199737548828],"type":"right"}],"id":794879,"timestamp":1448908483246039}],"id":0},{"frames":[{"hands":[{"confid":0.72731900000000005,"fingers":[{"position":[-212.3699951171875,232.16400146484375,15.732099533081055],"type":0},{"position":[-204.86700439453125,246.99200439453125,-28.785999298095703],"type":1},{"position":[-170.65199279785156,256.13699340820312,-45.490100860595703],"type":2},{"position":[-139.73899841308594,255.76600646972656,-29.741100311279297],"type":3},{"position":[-128.07000732421875,250.79499816894531,-0.61414700746536255],"type":4}],"orientation":[[-0.95714712142944336,0.18807199597358704,-0.22022600471973419],[0.20168402791023254,0.97859901189804077,-0.040840201079845428],[-0.20783205330371857,0.083506003022193909,0.97459399700164795]],"position":[-190.97200012207031,288.71499633789062,48.77349853515625],"type":"right"}],"id":766247,"timestamp":1448908483244342}],"id":1},{"frames":[{"hands":[{"confid":0.61446500000000004,"fingers":[{"position":[-65.410003662109375,213.71499633789062,8.9069700241088867],"type":0},{"position":[-62.738399505615234,232.03599548339844,-40.693500518798828],"type":1},{"position":[-30.871500015258789,234.79200744628906,-51.333900451660156],"type":2},{"position":[-3.8977301120758057,231.63900756835938,-41.006698608398438],"type":3},{"position":[7.4831500053405762,214.97099304199219,-13.890899658203125],"type":4}],"orientation":[[-0.97115981578826904,0.23815800249576569,-0.011353899724781513],[0.2371148020029068,0.96970498561859131,0.058720700442790985],[-0.024994738399982452,-0.054335001856088638,0.99821001291275024]],"position":[-42.778999328613281,244.63699340820312,30.986600875854492],"type":"right"}],"id":7869539,"timestamp":1448908483243258}],"id":2}]}