{"clients":[{"frames":[{"hands":[{"confid":0.983514,"fingers":[{"position":[70.016197204589844,235.36900329589844,41.005599975585938],"type":0},{"position":[84.599296569824219,282.947998046875,-19.831899642944336],"type":1},{"position":[124.10800170898438,285.58099365234375,-25.735599517822266],"type":2},{"position":[159.33399963378906,278.00799560546875,-9.0215301513671875],"type":3},{"position":[174.718994140625,255.35699462890625,20.411300659179688],"type":4}],"orientation":[[-0.98125773668289185,0.1898529976606369,-0.033008400350809097],[0.18648712337017059,0.9787290096282959,0.085514098405838013],[-0.048541389405727386,-0.077755697071552277,0.99579000473022461]],"position":[105.07499694824219,274.00399780273438,71.661300659179688],"type":"right"}],"id":51061,"timestamp":1448837806943691}],"id":0},{"frames":[{"hands":[{"confid":0.30651299999999998,"fingers":[{"position":[-228.05400085449219,252.64799499511719,26.399299621582031],"type":0},{"position":[-220.53799438476562,294.80999755859375,-25.963899612426758],"type":1},{"position":[-176.69200134277344,294.98699951171875,-38.299999237060547],"type":2},{"position":[-142.52699279785156,295.60000610351562,-24.455999374389648],"type":3},{"position":[-126.36199951171875,267.864990234375,0.45193600654602051],"type":4}],"orientation":[[-0.90513527393341064,0.42463499307632446,0.020395999774336815],[0.41561776399612427,0.89396500587463379,-0.16759899258613586],[0.089401707053184509,0.14322300255298615,0.98564398288726807]],"position":[-186.18400573730469,289.43701171875,54.219699859619141],"type":"right"}],"id":27590,"timestamp":1448837806950879}],"id":1},{"frames":[{"hands":[{"confid":0.90478000000000003,"fingers":[{"position":[-77.679603576660156,219.36199951171875,9.5548200607299805],"type":0},{"position":[-70.298301696777344,260.88699340820312,-47.381900787353516],"type":1},{"position":[-34.419601440429688,264.46600341796875,-56.845199584960938],"type":2},{"position":[0.43604999780654907,258.33099365234375,-44.502601623535156],"type":3},{"position":[18.577899932861328,238.22999572753906,-18.271400451660156],"type":4}],"orientation":[[-0.97435879707336426,0.22074699401855469,0.043544698506593704],[0.22309906780719757,0.97296702861785889,0.059685599058866501],[0.029192138463258743,-0.067869901657104492,0.99726700782775879]],"position":[-41.392799377441406,254.12899780273438,37.693599700927734],"type":"right"}],"id":28072,"timestamp":1448837806952299}],"id":2}]}