{"clients":[{"frames":[{"hands":[{"confid":0.95517200000000002,"fingers":[{"position":[91.66729736328125,216.41600036621094,9.0148401260375977],"type":0},{"position":[111.21600341796875,261.3179931640625,-45.316501617431641],"type":1},{"position":[151.86099243164062,264.47799682617188,-47.274200439453125],"type":2},{"position":[185.55299377441406,255.29200744628906,-27.599700927734375],"type":3},{"position":[198.21000671386719,232.52000427246094,2.0130300521850586],"type":4}],"orientation":[[-0.97070574760437012,0.20043100416660309,-0.13250300288200378],[0.19645389914512634,0.97958797216415405,0.042571999132633209],[-0.1383311003446579,-0.015294100157916546,0.99026799201965332]],"position":[124.93499755859375,248.32699584960938,45.353500366210938],"type":"right"}],"id":57053,"timestamp":1448837933402311}],"id":0},{"frames":[{"hands":[{"confid":0.94867100000000004,"fingers":[{"position":[-209.97300720214844,226.24299621582031,-6.9628100395202637],"type":0},{"position":[-193.73699951171875,271.35800170898438,-69.29949951171875],"type":1},{"position":[-151.67300415039062,277.0150146484375,-74.573699951171875],"type":2},{"position":[-113.62699890136719,267.27499389648438,-55.421298980712891],"type":3},{"position":[-98.573799133300781,237.98899841308594,-22.950099945068359],"type":4}],"orientation":[[-0.94969600439071655,0.28598201274871826,-0.12764200568199158],[0.28026461601257324,0.95797699689865112,0.061093099415302277],[-0.13974963128566742,-0.022246299311518669,0.98993700742721558]],"position":[-171.54400634765625,260.24700927734375,34.985099792480469],"type":"right"}],"id":34768,"timestamp":1448837933406139}],"id":1},{"frames":[{"hands":[{"confid":0.96953400000000001,"fingers":[{"position":[-60.959300994873047,200.82499694824219,-18.859899520874023],"type":0},{"position":[-47.053501129150391,241.79100036621094,-72.674598693847656],"type":1},{"position":[-10.794699668884277,243.718994140625,-79.262603759765625],"type":2},{"position":[23.422399520874023,236.75100708007812,-64.361602783203125],"type":3},{"position":[39.164299011230469,215.16999816894531,-37.341400146484375],"type":4}],"orientation":[[-0.97209882736206055,0.23271800577640533,-0.029431799426674843],[0.23283042013645172,0.97251701354980469,-0.00040213100146502256],[-0.028529342263936996,0.0072435298934578896,0.99956697225570679]],"position":[-25.270000457763672,231.60600280761719,13.375399589538574],"type":"right"}],"id":35276,"timestamp":1448837933402553}],"id":2}]}