{"clients":[{"frames":[{"hands":[{"confid":0.93009799999999998,"fingers":[{"position":[125.95400238037109,268.54000854492188,22.737699508666992],"type":0},{"position":[124.93800354003906,260.00799560546875,9.3872003555297852],"type":1},{"position":[157.32400512695312,319.6820068359375,-39.340099334716797],"type":2},{"position":[193.85000610351562,319.66598510742188,-23.867300033569336],"type":3},{"position":[216.20700073242188,298.822998046875,2.343329906463623],"type":4}],"orientation":[[-0.99937498569488525,0.035124201327562332,-0.0038739300798624754],[0.035255350172519684,0.98359501361846924,-0.17691099643707275],[0.0024034790694713593,0.17693699896335602,0.9842190146446228]],"position":[146.41200256347656,295.00698852539062,54.675701141357422],"type":"right"}],"id":12823,"timestamp":1448837466303784}],"id":0},{"frames":[{"hands":[{"confid":0.775501,"fingers":[{"position":[-155.67300415039062,263.52301025390625,12.200699806213379],"type":0},{"position":[-164.83799743652344,268.64199829101562,-4.8888998031616211],"type":1},{"position":[-143.94000244140625,331.7139892578125,-60.866401672363281],"type":2},{"position":[-104.33399963378906,334.93600463867188,-47.565299987792969],"type":3},{"position":[-78.12640380859375,307.6719970703125,-22.525600433349609],"type":4}],"orientation":[[-0.99724709987640381,-0.048264000564813614,0.056290000677108765],[-0.059818729758262634,0.97225797176361084,-0.22613200545310974],[0.043814368546009064,0.228876993060112,0.97246897220611572]],"position":[-144.14700317382812,304.41799926757812,38.238998413085938],"type":"right"}],"id":12954,"timestamp":1448837466309150}],"id":1},{"frames":[{"hands":[{"confid":0.96767999999999998,"fingers":[{"position":[-15.10789966583252,230.58500671386719,-20.355100631713867],"type":0},{"position":[-26.103200912475586,231.48100280761719,-17.689300537109375],"type":1},{"position":[-4.9703397750854492,285.19100952148438,-76.172599792480469],"type":2},{"position":[30.254800796508789,287.39300537109375,-64.786598205566406],"type":3},{"position":[52.998100280761719,272.77899169921875,-41.729999542236328],"type":4}],"orientation":[[-0.99686735868453979,-0.028215900063514709,0.073896601796150208],[-0.044708237051963806,0.97166299819946289,-0.23210500180721283],[0.065253540873527527,0.23468199372291565,0.96987998485565186]],"position":[-6.6695799827575684,267.31698608398438,14.455499649047852],"type":"right"}],"id":11690,"timestamp":1448837466309061}],"id":2}]}